e 0 1 0
e 1 2 1
e 1 4 2
e 2 3 3
e 4 5 4
e 4 6 5
e 4 7 6
e 5 8 7
e 6 8 8
e 7 8 9
e 9 10 10
e 10 11 11
e 10 12 12
e 11 2 13
e 12 4 14
e 5 13 15
e 6 13 16
e 7 13 17
e 13 8 18
e 5 6 19
e 6 7 20
e 4 14 21
e 14 8 22
e 15 16 23
e 16 17 24
e 16 18 25
e 17 19 26
e 17 20 27
e 18 19 28
e 18 20 29
e 19 21 30
e 20 21 31
e 16 19 32
e 16 20 33
e 20 19 34
e 19 20 35
e 22 23 36
e 23 24 37
e 24 25 38
e 25 26 39
e 26 25 40
e 26 27 41
e 27 28 42
e 1 5 43
e 5 7 44
e 22 24 45
e 25 29 46
e 29 30 47
e 30 25 48
e 29 27 49
e 25 32 50
e 32 33 51
e 33 30 52
e 30 31 53
e 31 32 54
e 33 27 55
e 23 25 56
e 26 30 57
e 34 25 58
e 22 34 59
e 26 36 60
e 26 35 61
e 36 34 62
e 35 27 63
e 23 25 64
e 29 25 65
e 29 28 66
e 32 38 67
e 38 37 68
e 37 31 69
e 38 27 70
e 23 25 71
e 26 38 72
e 38 25 73
e 38 28 74
e 39 40 75
e 40 41 76
e 40 42 77
e 41 43 78
e 43 44 79
e 44 45 80
e 45 46 81
e 46 47 82
e 47 49 83
e 49 46 84
e 46 48 85
e 48 51 86
e 42 50 87
e 52 53 88
e 53 48 89
e 48 54 90
e 54 55 91
e 55 56 92
e 56 57 93
e 53 57 94
e 54 57 95
e 58 59 96
e 59 60 97
e 60 61 98
e 61 56 99
e 62 63 100
e 62 64 101
e 62 65 102
e 63 66 103
e 64 68 104
e 65 67 105
e 66 68 106
e 67 69 107
e 68 69 108